# Not pile-up corrected. tstart is first event and tend is last event. Binning is 300s.
14392 0.03333 0.00192
14392 0.25333 0.01463
13854 0.05000 0.00289
13854 0.06333 0.00366
13854 0.06000 0.00346
13854 0.09667 0.00558
13847 0.04000 0.00231
14427 0.03667 0.00212
14427 0.03000 0.00173
13849 0.03667 0.00212
13849 0.03000 0.00173
13849 0.03000 0.00173
13849 0.07333 0.00423
13845 0.02333 0.00135
13845 0.09000 0.00520
14465 0.03333 0.00192
14465 0.02667 0.00154
14466 0.06333 0.00366
13842 0.06333 0.00366
13842 0.06000 0.00346
13842 0.04333 0.00250
13839 0.06333 0.00366
13839 0.16667 0.00962
13840 0.03000 0.00173
13840 0.03000 0.00173
14432 0.02000 0.00115
14432 0.10667 0.00616
13838 0.12333 0.00712
13852 0.06000 0.00346
13852 0.03000 0.00173
14439 0.03667 0.00212
14462 0.04667 0.00269
14462 0.05000 0.00289
14463 0.11333 0.00654
13851 0.04000 0.00231
13851 0.17667 0.01020
13843 0.11000 0.00635
15570 0.07000 0.00404
14468 0.04667 0.00269
14468 0.05000 0.00289
