# Not pile-up corrected. tstart is first event and tend is last event. Binning is 300s.
10556 0.04667 0.00269
10556 0.05000 0.00289
10556 0.11333 0.00654
10556 0.08000 0.00462
03393 0.15000 0.00866
03393 0.06667 0.00385
03393 0.06333 0.00366
11843 0.13000 0.00751
13016 0.02000 0.00115
04684 0.10667 0.00616
06363 0.11333 0.00654
1561000 0.03333 0.00192
1561000 0.16000 0.00924
03392 0.03333 0.00192
03392 0.03000 0.00173
03392 0.03667 0.00212
03549 0.02667 0.00154
05952 0.03333 0.00192
03663 0.03667 0.00212
05953 0.07333 0.00423
09173 0.02667 0.00154
